f1_500 = 0.8202280412502982
f1_1000 = 0.8948142489781566
f1_1500 = 0.919130174188156
f1_2000 = 0.9271186503458765
f1_2500 = 0.9301424240834066
f1_3000 = 0.937290106362643
f1_3500 = 0.9431247505650567
f1_4000 = 0.9498737686268297
f1_4500 = 0.9490427685661333
f1_5000 = 0.9518248615349467
f1_5500 = 0.9487727205826328
f1_6000 = 0.9564956079721426
f1_6500 = 0.9545991663735169
f1_7000 = 0.9590525570526548
f1_7500 = 0.9557887255469584
f1_8000 = 0.9523883912235781
f1_8500 = 0.9594386996094173
f1_9000 = 0.9581847110315915
f1_9500 = 0.9573426180592938
f1_10000 = 0.9584105744022949
f1_10500 = 0.9562738804723732
f1_11000 = 0.9593743342927816
f1_11500 = 0.9573293183174318
f1_12000 = 0.9589128892788895
f1_12500 = 0.958640298854961
precision_500 = 0.8321909642931311
precision_1000 = 0.888260207890505
precision_1500 = 0.9085324966506108
precision_2000 = 0.9197896844019912
precision_2500 = 0.9242828401613504
precision_3000 = 0.9370240890248877
precision_3500 = 0.9422707372323225
precision_4000 = 0.9495749643367506
precision_4500 = 0.9486533852958887
precision_5000 = 0.9514931477585163
precision_5500 = 0.9486344769664651
precision_6000 = 0.9559402960636483
precision_6500 = 0.95541565277999
precision_7000 = 0.9595103370857115
precision_7500 = 0.9562184007138056
precision_8000 = 0.9531249934697864
precision_8500 = 0.9592516050107955
precision_9000 = 0.9582239862272675
precision_9500 = 0.9575713250085519
precision_10000 = 0.9583372483829139
precision_10500 = 0.956572504776034
precision_11000 = 0.9593828904386258
precision_11500 = 0.9572634397811851
precision_12000 = 0.9589898437689238
precision_12500 = 0.9585685439548252
recall_500 = 0.8511111111111112
recall_1000 = 0.9053333333333333
recall_1500 = 0.9303333333333333
recall_2000 = 0.9363333333333334
recall_2500 = 0.9368888888888889
recall_3000 = 0.9415555555555556
recall_3500 = 0.9461111111111111
recall_4000 = 0.954
recall_4500 = 0.9518888888888889
recall_5000 = 0.9547777777777777
recall_5500 = 0.9505555555555556
recall_6000 = 0.9582222222222222
recall_6500 = 0.9561111111111111
recall_7000 = 0.9602222222222222
recall_7500 = 0.9565555555555556
recall_8000 = 0.9524444444444444
recall_8500 = 0.9598888888888889
recall_9000 = 0.9585555555555556
recall_9500 = 0.9574444444444444
recall_10000 = 0.9588888888888889
recall_10500 = 0.9567777777777777
recall_11000 = 0.9597777777777777
recall_11500 = 0.9577777777777777
recall_12000 = 0.9595555555555556
recall_12500 = 0.9592222222222222
